   20   99  120  199  220  299  320  399
    7   61   62  110  163  164  213  265  266  316  368
   19   20   96  113  114  195  207  293  301  391  392
   10   72  111  171  212  270  313  369
   20   21   72  117  118  171  214  270  311  369
   39   40   85  144  145  184  249
   43   93  145  191  247  289  290  349  388
    8   52  110  150  151
   47   48   70  137  138  168  227  228  265  266  316  317  363
   34   89  134  188  235  287  336  386
   49   82   83  149  177  178  249  272  273  349  367  368
    5    6   53   54
   14   55   56  115  156  215  257  316  358
   10   95   96
    5    6   76   77
    2    3   88
   47   48   50   51
    6   94  108  109  188  211  282  313  376  377
   44   45   83   84  135  136  175  176  227  228  267  318  319  358  359
   22   23   67  116  117  164  211  261  305  358
   45   88  144  188  244  288  343  387
   16   17   18   78  100
   45   88  144  187  243  244  286  343  386
   34   77  137  138  177  241  277  345  377
   46   59  145  146  157  245  255  344  353
   36   37   59   60  146  147  154  155
   43   64  134  135  162  226  227  260  318  358
    6   61   62  104  170  171  203  278  279  301  387  388
   26   27   28   68  139  140  141  169  170
   40   41   80   81  128  129  191  192
   27   71  129  172  173  230  274  331  376
   27   82  130  182  232  283  334  383
    9   10   11   12   95   96
   11   12   64  102  103  165
    7   87  109  110  188  212  288  314  388
   28   29   57  122  123  162  163  216  217  268  269  310  311  374
   31   53   54  134  165  166  237  276  277  339  340  387  388  389
   12   13   54  114  150
   25   26   91  129  130  189  234  287  338  385
   36   74   75   76  139  155  156
    0   71   72  101  180  181  202  290  291  303  399
   47   48   49   95   96  128  129  130  188  189  209  210  211  281  282
   19   20   64  110  111  165  201  202  266
    0    1   72  113  114  167  168  226  227  263  340  341  358  359
    8   55  107  158  205  261  303  304  363  364
   16   17   63   64  124  125  160  232  233  257  341  354
   41   42   50   51
    0    1   97
   15   61  121  122  155  156  228  229  250
   33   69  134  169  234  269  334  369
   17   18   62  126  127  161  235  236  259  344  345  358
   28   29   70  125  166  167  221  263  318  359
   36   37   52   53
   43   50   51  138  139  159  160  234  268  269  329  378  379
   31   32   33   34   78   79  101  102  103  104  191  192
   12   64  117  157  158  222  251
   28   29   53  122  123  154  217  255  311  357
   15   16   17   18   85   86   87
   39   40   92   93  147  148  184  185
    8   76  102  177
   29   30   91   92   93
   12   60   61  115  163  218  219  266  321  322  368
   20   21   57  117  154  214  251
   25   26   89  122  190  219  290  315  316  390  391
   27   57  125  154  223  251
   11   12   52
   41   42   43   80   81
    4    5   51   52
   38   39   85
   12   13   65   66  112  175  176  212  285  286  311  394  395
   39   40   41   75   76  127  128  129  179  180  216  217  283  284  304  305  388
   13   14   15   98   99
   48   49   93   94   95   96   97   98  107  108  109
   25   26   90  129  130  194  195  233  234  299
    8   78  107  177  207  275  307  374
   43   89   90  139  179  180  235  269  270  331  332  359  360
   22   23   24   25   26   75   76   77
    2    3   93
   13   14   74  122  123  175  176  231  232  277  340  341  379
   19   74   75  119  166  167  219  258  259  319  350  351
   47   86  148  185  248  249  283  349  382
   22   23   68  126  127  167  230  231  265  334  335  364
   40   68   69  136  156  157
    7   86  108  187  209  287  288  310  388
   22   78  123  124  179  225  280  326  381
   19   68   69  119  161  162  219  254  255
   23   24   25   83  110  111  185  186
   44   45   99
   30   84  138  184  246  285
   46   47   88
    7   53   54  109  157  211  260  313  363  364
   44   45   77
   45   99
    5   94  107  190  191  208  287  309  310  384
   40   41   42   79   80   81   82   83
   26   27   75   76  119  192  193  194
   21   22   23   24   52  100
   35   74  136  173  237  272  338  371
   15   16   93   94  121  187  226  280  281  331  332  374
   22   93   94  119  190  215  286  312  382  383
   28   29   60  125  126  167  168  222  223  274  275  319  320  382
   21   58  121  164  221  269  270  321  375  376
    4   70  105  175  176  205  280  281  306  385  386
   30   31   55  118  119  162  207  208  269
   35   58  135  166  167  236  275  276  336  384
    2   63   64  104  173  174  205  283  284  306  393  394
   40   41   42   43   70   71   72  112  113  114  115  151  152  153
   22   23   24   25   93   94   95   96
   48   69   70
   33   52  132  152  231  253  330  353
   24   59   60  123  152  153
    5    6   65   66  117  118  119  166  230  231  267  342  343  368
   25   83   84  119  120  172  173  213  214  261  262  308  350  351
    1    2   93
   33   84  130  131  177  178  228  271  325  364  365
   31   32   90  138  139  190  246  247  290
   41   42   80   81  135  171  172  229  263  264  322  323  354  355
   13   14   70   71  104  105  166  167
   42   50   51  146  161  162
   37   58  137  162  238  266  339  370  371
    7   74  106  175  205  276  304  377
   33   82   83  134  180  235  278  335  375  376
   35   51  132  151  229  252  326  352
    7   70   71  109  176  177  211  283  313  389  390
    7   66  106  162  206  258  259  305  354  355
   37   95   96
   31   32   65  127  128  162  223  224  259  319  320  356
   47   48   53   54  135  136  137  159  160  224  225  265  313  314  371
    3    4   53  108  109  150
   24   78   79  127  181  182  229  230  284  285  332  387  388
   25   78   79  124  125  184  224  290  324  395  396
   35   36   37   38   39   80   81   82
   27   28   84  139  140  187  188
   26   78   79  126  175  225  272  325  368  369
   10   76   77  111  164  165  212  252  253  254
   41   42   43   99
   20   81   82  120  170  171  221  258  259  260  321
   11   12   13   70  133  134  135  136  171
   36   37   91  125  126  190  214  215  289  303  304  388
   18   69   70   71  120  158  159
   20   63  119  163  219  262  319  362
   44   86  145  189  245  292  345  395
   14   15   94   95  120  121  189  190  226  284  332  378  379
   22   23   24   73  109  110  178
   17   67  115  163  213  259  260  311  355  356
   15   16   69   70  103  104  156  157
   20   21   56  128  129  151
   25   26   96  109  110  111  197
   27   28   90  135  187  242  243  284  285  349
   42   86   87  142  197  198
   47   48   91   92  137  138  181  182  226  227  271  272  316  317  360  361
   48   49   77   78
    0   50
   12   92  114  115  185  186  217  278  279  319  371  372
   45   46   86   87
   20   21   79   80  118  174  215  216  268  269  313  362  363
    8    9   94  113  114  193  218  219  292  323  324  391
   15   16   65   66  118  119  171  221  222  277  325  383
   19   20   76  125  175  230  274  335  373
   31   32   76   77  120  121  187  188  209  210  298  299
   12   69  114  162  163  215  216  256  257  317  350
   16   51
   14   15   54  107  108  152  200  201  250
   44   90   91  147  198  199
   21   22   77   78  126  175  230  273  334  335  370  371
   34   69  134  170  234  271  334  372
   46   47   64   65  139  140  175  176  232  233  286  287  325  326  397  398
   16   17   88   89  123  197  198
   34   87   88  134  198  199
   31   56   57
    8   77   78  112  113  184  217  290  321  322  396  397
    9   99
    8   83  105  187  202  203  291  300  394  395
   40   83   84  132  187  224  291  316  317  395
   25   75   76  120  121  190  191  192
   31   86  136  191  241  296
   47   80  145  177  243  274  341  371  372
   42   64   65  142  155  156
    3   74  104  105  174  206  274  308  374
   20   21   87   88  127  128  193  194  235  299
   32   50   51  129  154  227  257  258  324  361
   19   20   21   22   57   58
   38   39   40   81  121  122  123  175  204  205  206  269
   27   28   29   30   31   53   54   55   56   57
   24   25   82  133  134  184  241  242  285  286
   29   30   31   66  146  147  148  164
   35   67  136  159  160  237  238  252
   23   24   25   66   67  107  108  172
   20   50  120  152  219  254  255  319  357
    1   94   95
    5   60   61  102  154
    6    7   98   99
    9   58   59  110  153  154
    0    1   69
    3   79  104  180  204  280  305  381
   49   60
    1   87  107  108  190  214  215  293  320  321  396
   46   47   67  138  139  167  230  231  268  322  323  368
   22   54  125  151
   16   86   87  112  185  208  284  304  383
   19   20   67  111  112  164  204  205  260
   42   43   52   53
   26   85   86  121  122  192  193  217  299
   15   16   73  124  125  165  166  233  234  257  258  342  343  350  351
   23   77   78  123  179  224  281  324  383
    1    2   74   75
    9   81  108  183  207  285  306  386  387
   25   26   85  120  121  180  181  215  216  276  310  311  371
   21   22   94  137  138  139  195
   40   41   62  142  162  244  261  346  360
    3    4   53
    2   68
   44   45   70  140  141  172  236  237  274  332  375  376
   32   33   34   62   63  148  149  169
   30   74  129  169  170  229  265  328  360
   40   84  143  185  246  286  287  349
   30   31   84  126  183  184  221  222  283  317  382
   29   30   69  120  121  168  211  212  266  302  303  364  365
   13   14   86   87  119  120  180  181  226  275  332  333  369
   11   82  107  179  203  204  277  300  374
    7    8   72   73  112  113  165  166  217  218  257  258  322  323  350
   17   18   80   81  109  110  175  176  202  203  270  271
    2   62   63   64
    9   82  109  181  209  280  309  380
   36   52  133  153  154  230  255  327  356
    1   61   62  105  174  175  209  210  287  288  313  314  399
    5    6    7    8    9   10   11   12   13   14   15   92   93   94
   13   14   77  121  173  228  270  335  336  366  367
   29   96   97
   12   13   53   54
   48   91   92  148  178  179  249  264  265  349  350  351  352
    4   73
   22   66   67  119  156  157
   30   60   61  137  138  170  171  244  245  280  281
   45   82  145  186  245  290  346  393  394
   15   16   75   76  119  167  168  223  258  259  326  327  350  351
   21   51  123  153  225  226  254  328  356
    9   95   96  113  187  188  217  279  280  320  321  371  372
   24   60  127  128  162  231  232  264  265  335  367
    8    9   67  120  121  168  169  231  232  270  343  344  372
   16   76   77  119  120  171  223  224  265  266  327  359  360
   32   33   71   72  129  169  170  225  226  267  268  322  365  366
   44   45   52   53   54  139  168  169  170  233  284  285  327  328
   16   17   88   89  108  109  170  171  172  200  201  253  254  255
   41   42   43   89   90   91  121  122  123  169  170  171  202  203  204  250  251
    9   10   93   94  104  105  196  200
    3   70  101  172  173
   18   19   20   63  141  142  143  161  162
   24   78  120  180  216  282  283  312  385
    0    1   83  102  180  204  276  305  306  373
   17   60  120  159  223  259  326  358
   43   88   89  141  181  182  239  274  275  337  367  368
   24   25   74   75  121  178  218  282  315  385  386
   19   89  114  115  189  210  289  305  306  389
    5   57   58
   12   66   67  105  159  160
    2    3   64  107  108  159  213  254  255  318  350
    6   74  106  176  206  279  306  381
   37   55   56  129
    7    8    9   64   65   66   67
   17   68  118  159  160  220  251  252
   19   80   81  117  174  175  214  215  269  312  363
   22   82   83  120  186  187  218  290  316  394
   34   35   63   64  124  125  156  157  215  216  250
   33   34   35   69  148  149  162
    9   10   11   12   13   96   97   98
   32   33   72  136  174  175  240  277  343  344  379
   27   28   66  121  122  165  215  216  263  309  310  362
   33   34   72   73  130  131  164  165  227  257  324  350
   29   30   82   83  138  179  246  247  275
   37   38   85  145  146  188
   32   88  134  187  236  286  338  385
   45   64   65  146  155  156
   32   33   34   35   36   37   38   39   40   41   42   43   44   80   81
    4   59   60  109  110  151  152
   17   64  114  167  168  211  212  271  309  375
   35   36   89  142  143  190  191  249  292
    0    1   84  109  110  175  176  218  219  267  268  328  329  359  360
   39   40   91   92  137  196  197
   48   49   84   85  123  124  125  180  181  200
   28   29   30   86  141  142  143  186
    4   99
   39   40   60  143  159  246  257
   47   90  149  190
   17   94  123  124  192  230  231  289  290  337  338  387  388
   25   72  123  170  221  267  268  319  320  365
   41   42   88   89   90
   21   22   69   70  125  172  228  274  275  331  332  377
   12   13   14   71   72  127  128  129  161  162  242  243  244  251  252
    7   87   88  114  181  221  274  275  328  367  368
   16   17   98   99
    7    8   59   60  111  169  170  214  215  279  280  318  390  391
   23   24   25   79   80   81   82  149
   12   63  112  165  213  267  313  369
   24   54  128  129  155  233  257  337  338  358
   35   36   74  125  126  174  216  217  274  306  307  374  375
   12   13   14   64   65   66  128  129  181  182  183  243  244  245  298  299
   46   93   94   95
   14   70  112  178  179  211  286  287  310  395  396
   21   22   80   81   82
   48   85   86  143  144  179  180  239  273  274  334  335  368
    7   57   58  100  101  150  151
   12   13   96   97  109  199
   48   49   54   55
    1    2   97   98   99
   13   14   74   75  127  128  169  170  242  243  264  265
   16   65  116  162  217  258  259  317  318  355
   14   50  115  152  216  254  255  316  317  357
    4   81   82  103  179  201  202  276  300  373  374
   26   27   85   86  140  141  176  177
    0    1   67   68  105  154  155
   32   33   58   59
   27   28   94  117  118  193  206  207  293
   25   26   51   52
   12   13   14   68   69   70   71  126  127  196  197  198  199
    4   73   74  101  170  171
   28   73  126  127  170  171  225  268  323  324  365  366
   31   75  129  176  177  227  278  324  325  379
   48   96   97  147  190  191  246  284  345  377  378
   14   81   82  110  111  189  190  207  297  298
   43   96   97
    0    1   93
    8    9   69   70  112  165  216  260  320  355
    0    1   89   90   91
   20   86   87  125  195
   15   16   73   74  111  182  183  207  290  291  302  303  399
   41   42   53
   19   69  122  123  168  226  267  329  367
   15   16   67  105  106  164
    8    9   88
   27   82  130  131  184  234  286  337  338  388
   34   35   64   65  139  161  243  244  257  258  348  354
   32   81  128  129  179  225  276  321  374
   12   96   97   98   99  135  136  137  159  160  161  162
   32   61  129  165  225  269  321  322  372  373
   47   76   77  143  144  174  240  241  271  337  368
   37   50
   12   53   54
   19   96   97   98  120  178  179  221  259  260  261
    4   81  106  183  208  285  310  387
    6   92  106  190  206  288  307  386
   43   57
    1    2   60  106  107  158  211  212  256  317  355
   40   75  144  169  170  248  249  264  265
   12   71  120  121  167  168  229  230  263  264  337  338  360
    1   75   76  100  167
   12   13   94  110  111  198
   39   40   89  137  189  234  235  289  332  389
   26   76   77  126  168  169  225  260  261  325  352  353
   47   48   49   69
   19   64   65  121  173  174  223  283  325  392  393
   40   97   98
   45   46   97   98  129  130  131  194  213  214  215  290  291
   49   86  138  139  188  226  227  228  291  315  316  393
   34   35   36   61   62
   27   70  131  132  169  236  237  268  341  342  367
   19   20   74  116  170  171  212  213  266  267  309  363
   19   67  122  166  167  224  225  266  327  365
   26   55  123  124  158  221  261  262  319  364  365
    2   72   73  100
   32   33   95   96  128
   46   81   82
   42   43   73
   42   43   90   91
   25   26   89  135  136  181  182  246  247  274  275
   40   81  141  181  241  280  342  380
   11   12   95   96
   27   74  122  123  170  218  266  313  314  361  362
   12   13   14   74   75   76
   35   36   95  141  142
   37   38   73   74  144  145  179
   26   60   61  118  119  150
   34   35   51  138  158  159  241  266  267  344  345  374
    0    1   57   58   59  113  114  174  175  176  226  227  291  292  293
   23   24   53  110  111  112  154
   23   91   92  119  120  185  186  216  279  280  313  373  374
   32   63   64  137  138  175  176  243  287  288  348  349  399
   48   49   76   77
   30   89  129  182  183  228  276  327  369  370
    0   53   54  101  156  157  201  202  259  260  302  362  363
    3    4   82  109  110  181  215  216  281  322  381
    9   10   74   75
   23   85  114  115  184  185  205  206  284
    9   76   77  112  179  214  281  317  383  384
   27   78   79  130  131  173  174  234  268  269  337  338  364
   46   47   99
   30   31   32   33   34   61
   44   45   64   65   66  149  153
   10   11   12   94   95
   46   47   71   72  141  178  179  235  236  286  330  393  394
   31   32   89  138  191  244  245  293
   26   66  125  126  169  225  272  324  375
   33   34   62  136  159  160  238  257  340  355
   41   82  138  139  178  179  236  275  333  334  372
   20   21   51
   27   28   84  136  137  182  245  246  280
   15   16   91  115  189  214  287  313  385
    6   90   91  104  187  188  202  284  285  300  381  382
    1    2   88   89   90   91
    7    8    9   10   81
   19   57   58  116  117  169  170  214  281  282  283  311  312  393  394  395
   11   12   51   52  124  125  126  159  160  238  239  267
   28   74   75   76  126  127  161  162  225  226
    9   62  109  161  210  259  311  358
   28   82   83  134  135  175  176  241  269  347  348  362  363
   14   15   16   17   75   76
   25   26   91   92
   21   78  121  180  222  282  323  384  385
   13   14   59   60  100  101  150
   47   48   94   95  142  143  183  184  238  272  273  333  361  362
   20   21   65  110  111  163  200  201  261
   14   65   66  118  168  169  222  272  326  375
   31   32   85   86  134  178  179  236  237  270  271  339  363  364
   31   55  130  131  156  230  258  330  359
    3   70   71  105  106  175  176  208  280  281  311  385  386
   11   12   94   95
   26   82  126  178  226  273  274  326  369
   20   84  124  188  189  227  228  293  331  332  397  398
    6    7   52   53  102  155
   33   67  129  130  167  226  266  322  366
   16   17   98  115  194  214  290  313  386
   23   81  126  180  181  229  280  332  333  380
   40   67  137  163  235  259  332  354  355
   20   21   78   79  111  112  171  172  202  203  264  265
   33   34   53   54   55   56  135  174  175  176  237  295  296  297
   31   97   98
   36   99
   35   36   61   62  123  124  154  155
    0   98
   24   25   82   83  120  121  176  177  216  217  270  312  313  364
   15   16   81   82  120  121  188  189  226  295  296
   25   54   55  120  121  163  164  216  272  273  312  381  382
    0   97   98
    4    5   83   84  107  190  191  209  296  297
   33   92   93  135
    0    1   59
   26   57  127  150  151
   25   26   97  113  114  115  199
   18   68  114  168  210  268  306  369
    1   81
   36   37   92  127  128  196  218  219  299
   24   60   61  129  150  151
   21   22   61   62   63
   25   26   87  131  132  189  190  237  292  342  343  394
   43   44   89   90
   29   30   71  133  172  236  237  273  340  373
    0    1   59   60
   27   69  123  165  219  262  315  358
   28   96  130  192  231  288  289  332  333  385
   37   65  136  167  235  268  269  333  334  370
    9   10   50  100  101  150
   45   51   52   53  140  141  163  164  236  237  274  275  332  385  386
   18   52   53  116  158  159  214  215  265  313  371  372
   13   14   15   52   53   54  134  135  136  172  173  174
   46   65   66  145  146  158  159  245  251  252
   31   87  128  129  194  195
   14   15   75  119  120  176  224  276  329  377
   46   72  144  170  241  242  267  268  339  365
   31   32   88   89  139  140  178  179  246  247  269  270
   41   42   55   56
    3    4   63  107  108  156  211
   39   40   41   53
   34   35   83   84  126  127  178  179  217  218  273  274  309  310  368
   13   14   15   68
   33   34   35   36   76   77   78  102  103  104  105  188  189
   17   18   82   83  113  175  176  208  269  303  304  362  363
   13   90  116  192  193  219  295  322  397
   19   20   71  130  131  174  175  241  242  278
   19   20   92  112  113  199
   23   24   25   26   27   88   89
   18   19   98   99
   15   99  116  194  216  289  317  384
   35   36   95   96   97  119  120  180  181  203  204  205  264  265
   41   58   59  140  155  239  252
   13   91  117  189  220  287  324  385
    2    3   61
   28   29   75   76  126  171  172  223  267  268  320  363
   30   31   82  131  132  183  184  232  233  285  334  386
   12   70  109  110  171  206  207  273  304  374
    0    1   89  109  110  188  218  219  287  288  327  328  387
    1   50   51
   13   14   58   59  106  107  151  152
   25   80  125  177  226  274  275  327  372
    1   97  103  197  205  298  307  398
   46   63  144  164  242  265  266  340  367
   25   26   27   53   54   55   56  113  114  180  181  182
   12   13   82   83  115  191  218  299
    0   79  105  180  210  281  315  382
   18   86  118  184  219  283  319  381
   23   24   93  126  190  191  229  288  331  386
    1    2   51   52  105  154  208  256  311  312  359
   26   94   95  125  187  225  280  324  373
   33   70   71  133  175  233  279  280  333  384
   36   37   51   52
   20   21   50
    5   62  104  159  203  257  303  354  355
   43   94   95  141  187  188  239  280  337  373
   19   88   89  123  176  177  226  227  264  265  330  352  353
   22   96
    3    4   75
   27   28   64  122  161  162  217  259  311  312  357
   47   48   94  138  139  190  191  228  229  287  319  320  384
   32   67  129  165  226  227  263  324  360  361
   22   23   74   75  126  127  179  230  231  283  335  387  388
   42   87  139  140  191  237  294  295  335  398  399
   33   34   77  137  179  240  241  280  344  382
   37   38   67   68  124  125  126  155  156
   34   35   57  137  138  155  156  240  241  254  343  344  352
   27   59   60  121  168  169  215  216  277  278  309  310  386  387
    8   93   94   95   96  101  161  162  163  164
   44   45   81  147  184  249  286
   26   27   71   72  132  133  166  238  239  260  261  344  345  355
    9   55  111  152
   13   56  118  160  223  264  328  368
   25   26   84   85   86
   42   43   83   84  148  190
   43   71  145  146  171  248  249  271
   15   74  119  173  223  271  272  327  370
   12   93  113  194  214  294  315  394
   23   75   76  123  163  164  165  223  252  253
   23   68   69  129  154  155  156
    0   54  110  111  157  221  222  260  261  332  333  364
   13   14   65  110  111  169  207  208  273  304  305  377  378
   29   92   93  128  196  227  228  299
   36   70  136  166  235  262  335  358  359
   28   29   89   90  137  138  198  199
   30   31   32   78   79   80   81   82
   43   44   84   85  134  135  189  225  226  294  317  318  399
   33   76   77  130  185  227  293  294
   47   62  144  165  241  267  338  370
   41   42   78   79  148  149  167  168
   13   84  116  184  219  284  322  384
   38   39   99
    9   98  112  195  214  215  292  293  317  390
   37   71  128  167  219  220  263  264  310  311  360
   15   76   77  110  173  204  205  270
   47   48   93   94  137  138  184  185  227  228  275  276  317  318  366  367
   26   56  125  158  223  261  322  363  364
   10   91  115  192  219  220  293  324  325  394
   43   83   84  146  147  185  186
   34   67   68  131  174  175  228  229  281  326  387  388
   16   17   92  123  124  189  230  286  287  337  384
   36   57  138  139  151  152
   40   41   77   78   79  136  154  155  156
    8   75   76  110  186  187  211  297  298
   29   30   66   67  133  163  164  236  260  339  340  357
   11   12   13   14   15   16   89   90
    1   73   74  104  166  167  207  208  259  260  310  311  352  353
   44   45   46   99
    3   84   85  103  104  190  191  204  296
    9   10   63
    4    5   55   56  115  116  157  226  227  259  337  338  361
   39   83   84  140  173  174  241  262  263  342  352  353
    2   63   64  101  174  175  200  284  285
   32   33   81   82   83  142  143
    4   52   53  105  106  157  207  261  262  309  366
   42   43   81  139  179  235  236  277  332  375
    5    6   81   82  116  117  175  227  228  269  338  339  362  363
   22   88  126  191  230  231  294  335  397  398
   39   69  134  135  168  230  266  267  326  365
   13   72  110  178  208  284  306  390
   33   60  138  139  161  244  263  349  364
   46   47   84  148  180  249
    9   56   57  112  153  154  215  216  250
   11   12   13   92  123  124  194  234  235  297  346  347  399
    4    5   87   88   89   90
    4    5    6   66   67
   25   74  124  170  171  222  267  321  363  364
   13   14   50  122  123  151  230  231  251  339  340  352
    7   57  110  111  156  214  255  318  355
   44   62  146  147  159  249  256
    0   66   67  115  116  117  159  232  233  234  251  252
   14   15   73  116  176  177  218  280  320  383
   25   26   27   28   29   30   31   32   33   58
   37   69   70  139  140  160  161  242  252  253
   44   69  145  168  246  266  347  364  365
    0    1   79
   18   19   78  125  126  182  183  233  287  288  340  341  392
   16   17   18   51  132  133
   39   85   86   87  147  165  166  167
   24   87   88  129  178  179  234  269  270  338  339  360  361
   32   68  132  170  232  271  332  372
   16   17   66  109  110  172  173  202  203  279  280
    9   10   72  112  166  167  215  261  318  356
   48   75   76  143  173  237  238  271  332  333  369
   25   26   61  114  115  164  165  203  204  268
   24   56   57  122  161  220  266  317  318  371
   26   97  127  195  228  292  293  329  330  390
   26   27   50   51
    1    2   61   62
   33   34   68  139  140  166  245  246  264  265
    0   97
   35   67  137  168  238  239  270  340  372
   19   20   21   22   64   65
   15   16   55   56  122  123  159  160  229  230  264  336  337  368
    1   85   86  101  179  180  202  273  303  366  367
   36   37   52
    5   89  109  110  191  192  214  294  319  396
   34   87  135  189  236  292  336  394
   27   65   66  127  157  158  227  250
   31   66  130  175  176  229  285  286  328  395  396
   31   32   87   88  127  185  222  283  317  318  381
   15   16   93  112  197
   15   16   79  107  108  180  200  201  280
   49   62   63   64  119  120  121  122  175  176
   27   28   29   30   95   96
   10   11   85  107  186  204  287  300  389
   48   73   74  138  139  170  229  230  267  320  321  363
   47   48   67   68  142  143  158  159  237  238  250
   42   63   64  144  153  154
    7   54  107  152
    0   84  101  176  177  202  269  303  361  362
   46   71
   42   95  136  137  197  198
   33   71  133  172  232  272  331  372
   25   26   76  119  120  176  213  214  276  307  308  376
   42   67   68   69  139  140  183  184  237  298  299
   25   94   95  124  190  223  285  286  323  380  381
   35   69  131  165  227  228  262  324  358  359
   12   57  113  156  213  255  313  354
   27   28   73   74  126  166  224  258  259  322  351  352
   48   49   92  136  137  194  195  224  225  297
   40   77   78  138  139  186  187  236  237  295
    8    9   59  104  162  200
   18   19   52   53
   15   61   62   63  118  119  188  189  190  191
   10   72   73   74  110  199
   21   56  123
    5   92  109  189  212  213  285  286  316  382  383
   48   49   98   99
    6   71   72   73   74  109
    0    1   94   95   96   97  111  112  164  165  166  167
   41   42   43   44   60   61   62   63
   21   53  118  155  216  257  314  359
   11   93   94  111  182  183  184  212  272  273  312  362  363
   49   68
   23   24   65  118  119  172  213  214  278  279  308  309  385  386
   38   39   63  149
   48   49   79
    9   71   72  110  175  210  278  279  311  382
    5    6   68
   16   17   64  123  124  167  230  231  270  337  338  373  374
   30   72   73  132  168  169  234  264  265  335  360  361
   14   15   91  119  194  223  224  296  297  328  399
   16   17   66  123  124  162  229  230  258  336  337  354
   11   50  106  107  154  155  202  203  259
   16   63  112  113  157  208  209  250  251
   13   73  110  177  206  207  281  282  303  386
   29   88  132  189  190  235  291  338  392
   39   40   70  146  174  175
   13   71   72  120  121  165  227  228  258  259  334  335  352
   29   80  135  136  180  242  280  348  349  381
   27   28   56   57  121  122  161  215  216  266  309  310  370  371
    7   97  107  191  192  208  286  308  380  381
   26   27   28   71   72  140  141  142  161  162
   10   56   57  103  104  150
   45   73   74  147  164  165  249  255  256
   10   11   70   71  102  103  159  160
   45   46   70  141  168  237  266  267  332  333  365
   49   89  136  137  187  222  223  284  285  308  309  382
   43   56  142  155  156  241  255  339  354
   40   41   94  134  135  195  227  228  296  297  321  398
   29   56   57   58
   28   84   85  123  187  188  218  219  290  314  393
   10   11   63   64  114  115  175  176  219  286  287  323  398  399
   12   13   52   53  104  150
   23   52  118  119  155  214  258  310  361
    4    5   77   78
    0   72
   48   49   97  143  197  237  297  331  397
   48   64   65  145  177  178  179  241  242  291  292
    5    6   69
   22   55  122  152  153  222  250
   48   65   66  145  165  242  265  339  340  364
   41   42   43   55   56  127  128  151  152
   38   39   50
   30   31   62   63  133  172  173  236  282  283  339  393  394
   12   13   57  117  157  221  222  257  326  357
   43   82  145  180  246  277  348  375
   38   88  137  192  193  235  236  297
    4   56  107  159  209  261  311  364
   39   40   64   65   66  147
   35   59  133  159  231  259  329  359
   11   12   72  121  122  171  232  233  269  270  343  344  368
   35   52  134  151
   37   38   51
   42   63  148  168  169
   43   44   59
   29   60   61   62  127
   30   31   54   55   56   57   58   59   60   61   62   63   64   65
   19   20   67   68  128  129  159  160  236  237  251  252
    8   74  107  176  207  279  306  381  382
   20   21   92   93  124  125  190  229  287  333  385
   10   11   72   73  107  170  204  267  268  301  365
   15   54  114  151
   14   15   72  108  164  165  201  256  257
    9   62   63  109  151  152
   35   77   78  138  182  183  241  288  344  393  394
   45   46   52
   22   23   56  119  154  215  216  251
    7    8   95  100  101  192  193
   23   24   61  125  155  226
   39   40   83  132  133  186  187  226  227  290  319  320  394
   40   41   52  135
   34   35   57  136  137  155  239  253  341  351
   26   95  124  125  192  222  223  289  320  321  386
    9   10   81   82  107  177  205  272  273  303  368  369
   13   55  109  161  162  205  206  267  268  301  302  374
   35   36   87   88  140  141  175  176  245  262  263  264  349
    5   51  110  111  152  216  217  253  322  353
   15   71   72  114  160  161  213  250
   11   12   57   58   59  104  105  176  177  178
   12   13   90   91   92
   33   96  138  139  197  243  244  298  299
   34   64   65  128  129  169  222  223  273  317  377  378
   38   39   74  143  144  175  248  277
   39   40   74   75  130  131  168  221  261  311  312  354  355
    9   81  108  177  207  274  306  370
   10   84   85  107  188  204  205  292  302  395  396
   24   77  126  174  228  229  272  331  370
   37   38   74  147  148  173
   36   37   94   95  147  148  199
   27   28   29   30   78  105  106  107  179
   18   78   79  117  182  183  216  286  315  390
   15   16   17   73  102  103  174
   20   99
   49   70  148  173  174  248  277  347  380  381
   10   75  115  178  220  221  280  281  325  326  383
   44   53  144  150  151
   44   45   53   54
   18   83  121  175  176  224  268  269  327  360  361
   39   79  139  179  239  279  339  379
   49   62  147  158  244  245  254  255  342  351
   34   87  132  133  185  186  231  284  329  330  382
   27   28   59  129  155  156  231  252
   18   19   87  122  123  185  226  227  282  330  331  380
    2   84  101  186  200  201  287  300  388
   33   34   51  122  123  154  210  211  257  300
   34   35   51   52  136  163  164  237  238  275  276  339  387  388
   35   87  127  128  190  220  221  292  313  314  395
   24   63  126  166  228  268  269  330  371
   28   29   96  126  199
   48   87  147  185  247  283  347  380  381
    3    4    5   72   73
    6   50   51
   10   11   87   88   89   90
   43   81  142  183  241  285  340  387
   10   11   75  102  103  174
   14   15   76  121  177  227  228  278  333  334  379
   30   55   56  135  150
   46   47   53  140  159  160  233  234  266  267  326  327  373  374
    1    2   86  100  190
   31   32   33   84   85  147  148  149  180
   10   11   74   75  113  178  216  281  319  384  385
   28   95   96  124  188  189  220  281  282  315  316  374  375
   17   18   69  127  128  167  238  239  264  265  348  349  362
   33   86  133  189  233  291  332  394
   14   15   16   85   86
   35   36   50  141  154  247  258  259
   32   73  130  131  179  229  285  327  328  391
    5   77   78  106  107  182  208  286  309  390
   35   55  136  150
   20   21   61   62  128  129  163  237  238  265  346  347  367
   30   31   32   85  146  147  192  193
   13   14   81   82  126  127  169  170  239  240  258  259
   15   16   84   85  125  126  177  178  235  236  270  345  346  363
   44   60  146  153  154
   19   88  124  125  190  230  292  335  336  394  395
   41   42   43   50   51
   34   54  131  150  151
   10   84  110  180  181  210  277  310  373  374
   36   73  129  172  222  271  315  369  370
   13   14   84   85  103  104  190  191
   35   53   54
   27   28   70  117  118  167  168  207  208  265
   28   29   30   88  140  141  185  186
   28   29   88  136  137  184  244  245  279  280
   33   54  131  158  228  229  261  326  327  364  365
    7   90   91  112  180  181  217  270  271  322  361  362
    7    8   53   54
    7   73   74  112  113  168  218  219  263  324  358
    2   77
   44   57  145  157  245  257  346  356
   34   35   54  125  126  156  157  217  218  259  308  309  361
   39   81   82  144  168  169  249  256
   30   89   90  131  176  177  178  231  264  265  332  351  352  353
   10   72   73  111  168  169  211  265  312  361
   24   65   66  122  166  167  220  221  268  318  319  369
    4    5   74   75
   31   99
    4    5   74   75  109  110  175  214  215  276  319  320  377
   45   46   54   55
   30   31   82   83  132  194  195
   37   71   72  142  143  165  166  247  248  260
   22   56   57  124  153  226  250
   36   94  134  135  193  233  292  331  392
   28   29   75   76  116  117  118  168  169  205  206  261  262
    3   90  100  193
    4   67  108  109  169  170  213  271  272  317  318  374
   48   91   92  148  191  248  291  348  390
    1   86  101  186  201  287  302  388
   34   78  132  172  173  230  266  267  329  360  361
   42   68   69  143  144  170  245  272  347  374
   20   60   61  118  172  173  216  283  284  285  314  395  396
   39   40   80  146  176
    4   62   63  102  179  180
   31   58  128  158  225  226  258  323  358
    3    4   54   55   56   57
   15   16   99
